10 10 9 2 5
34 12
2 9 0 0 100 0

4 1 0 1 95 0

7 5 0 2 90 0

9 6 0 1 95 0

8 2 0 2 75 0

1 4 0 0 85 0

2 4 1 0 70 0

3 3 0 0 100 0

10 7 0 2 75 0

10 1 1 0 100 0

4 8 0 2 75 0

6 9 0 1 95 0

5 8 0 0 100 0

7 9 1 0 55 0

4 6 0 1 95 0

2 2 0 2 75 0

7 7 1 0 85 0

6 7 1 0 70 0

6 10 1 0 70 0

9 6 0 2 90 0

3 5 0 1 95 0

10 2 1 0 85 0

9 10 1 0 100 0

8 9 1 0 85 0

4 5 1 0 100 0

8 8 1 0 85 0

2 3 1 0 100 0

6 9 1 0 100 0

8 7 1 0 100 0

5 8 1 0 100 0

5 9 1 0 100 0

10 3 1 0 100 0

8 10 1 0 100 0

9 7 1 0 100 0

4 8 1 0 1 0

3 7 1 5 1 0

6 9 1 3 1 0

8 3 1 9 0 0

1 3 1 1 0 0

1 4 1 1 1 0

3 7 1 9 1 0

4 10 1 9 0 0

8 2 1 0 1 0

3 9 1 8 0 0

2 2 1 0 0 0

9 6 1 0 0 0

